2000040912
2000040915
2000040915
2000040918
2000040918
2003121800
2003121803
2003121806
2004120118
2004120118
2004120118
2004120121
2004122321
2004122400
2004122400
2006011815
2006011815
2006011818
2006011818
2006011821
2008112512
2008112515
2008112518
2008112521
2008112600
2008112600
2008112600
2008112603
2008112606
2009122718
2010111715
2012122118
2012122121
2012122121
2014112415
2015011903
2016011018
2016011100
2016040721
2016040721
2016040721
2016040800
2016040815
2017103003
2017103006
2017103006
2017103009
2017103009
2017103009
2017103012
2018122121
2020042115
2020111603
2020122512
2020122515
2020122518
2022122309
2022122312
2022122315
2022122318
2022122318
2022122318
2022122321
2022122321
2022122400
2024011312
2024031012
2024031015
